lat lon
31.204602068 121.555027090
31.204403283 121.557828714
31.204283718 121.559698762
31.204173267 121.561280691
31.204063895 121.562824669
31.203884106 121.564355440
31.203546155 121.565851083
31.203064123 121.567293054
31.202418894 121.568680515
31.201675290 121.569957517
31.200805208 121.571136834
31.199820343 121.572188026
31.198738425 121.573102891
31.197574165 121.573862661
31.196353712 121.574453025
31.195069597 121.574902986
31.193791457 121.575242009
31.192483841 121.575585192
31.191182624 121.575917566
31.189870654 121.576265980
31.188574712 121.576637333
31.187302731 121.577058550
31.186052539 121.577525730
31.184865328 121.578001222
31.183827269 121.578468703
31.182594438 121.579057921
31.181377715 121.579710561
31.180177190 121.580416012
31.178998701 121.581153703
31.177846341 121.581944478
31.176712226 121.582775806
31.175605402 121.583639004
31.174519955 121.584563875
31.173520541 121.585465714
31.172513003 121.586435082
31.171513354 121.587471500
31.170540706 121.588550354
31.169604156 121.589641510
31.168690886 121.590790904
31.167813248 121.591968356
31.166967261 121.593181871
31.166157036 121.594430552
31.165386278 121.595702565
31.164649936 121.596994982
31.163953550 121.598324377
31.163289933 121.599685672
31.162671311 121.601056153
31.162084795 121.602464358
31.161540228 121.603885889
31.161036105 121.605336280
31.160578003 121.606793379
31.160153328 121.608293606
31.159781838 121.609779787
31.159446180 121.611278491
31.159158807 121.612805794
31.158913585 121.614327906
31.158706752 121.615865908
31.158546183 121.617419719
31.158425588 121.618974351
31.158352260 121.620528493
31.158314528 121.622082605
31.158313749 121.623641979
31.158344327 121.625196985
31.158397756 121.626756063
31.158478172 121.628328169
31.158574710 121.629870181
31.158679112 121.631421869
31.158787308 121.632970679
31.158891304 121.634397334
31.159005577 121.635950849
31.159117359 121.637375889
31.159232284 121.638929354
31.159348231 121.640498316
31.159452731 121.641878035
31.159560024 121.643370231
31.159678921 121.644921921
31.159793227 121.646433221
31.159900924 121.647937123
31.160016418 121.649477007
31.160133183 121.651038540
31.160252349 121.652594870
31.160377003 121.654151744
31.160513626 121.655694990
31.160676481 121.657250470
31.160868916 121.658783606
31.161079298 121.660346680
31.161313944 121.661853122
31.161570392 121.663391692
31.161857025 121.664910970
31.162171352 121.666433132
31.162498996 121.667933735
31.162854589 121.669443685
31.163238648 121.670933848
31.163648070 121.672419110
31.164074020 121.673895160
31.164529324 121.675352892
31.164999504 121.676814803
31.165497836 121.678269481
31.165999403 121.679710489
31.166507033 121.681147538
31.167019916 121.682599160
31.167471038 121.683851707
31.167982643 121.685297303
31.168491841 121.686731662
31.169005578 121.688184497
31.169507382 121.689615337
31.170023796 121.691054425
31.170533360 121.692494659
31.171043902 121.693951342
31.171552553 121.695376689
31.172061720 121.696828585
31.172557329 121.698202102
31.173023692 121.699525805
31.173531199 121.700965717
31.174045569 121.702405832
31.174557398 121.703850247
31.175068722 121.705295234
31.175580646 121.706731559
31.176087716 121.708170009
31.176600014 121.709613056
31.177107161 121.711047438
31.177618908 121.712495687
31.178130017 121.713940565
31.178630645 121.715345956
31.179071384 121.716611860
31.179530855 121.717927082
31.180040999 121.719373464
31.180552753 121.720803443
31.181054892 121.722241244
31.181573845 121.723689537
31.182082445 121.725128563
31.182588458 121.726574971
31.183103178 121.728015557
31.183603664 121.729446850
31.184094144 121.730833537
31.184586622 121.732221118
31.185100087 121.733662592
31.185610694 121.735102447
31.186116944 121.736549359
31.186602905 121.737989199
31.187041484 121.739467536
31.187435183 121.740953196
31.187789144 121.742469832
31.188082491 121.743977018
31.188342453 121.745510446
31.188573410 121.747049798
31.188811292 121.748591250
31.189035540 121.750120716
31.189272094 121.751668371
31.189501247 121.753170827
31.189734557 121.754715699
31.189960828 121.756242915
31.190188733 121.757772098
31.190421845 121.759314432
31.190634211 121.760850406
31.190781500 121.762389483
31.190843083 121.763954418
31.190819810 121.765509931
31.190713485 121.767069055
31.190528493 121.768517719
31.190245920 121.770031513
31.189881735 121.771533027
31.189424717 121.772979409
31.188895447 121.774418968
31.188284655 121.775811812
31.187660240 121.777027602
31.186903922 121.778334924
31.186071100 121.779546515
31.185181456 121.780717231
31.184229519 121.781803097
31.183206628 121.782800272
31.182139113 121.783746529
31.181014321 121.784595787
31.179884758 121.785413637
31.178835198 121.786153411
31.177748954 121.786935956
31.176600708 121.787742405
31.175460067 121.788558577
31.174313203 121.789374587
31.173171574 121.790192064
31.172024236 121.790997260
31.170883816 121.791807211
31.169791308 121.792596006
31.168639982 121.793400463
31.167505285 121.794220517
31.166356003 121.795023580
31.165268290 121.795811752
31.164209045 121.796547601
31.163101000 121.797274574
31.161890226 121.797936174
31.160653909 121.798542622
31.159384716 121.799062836
31.158100923 121.799532975
31.156847974 121.800017332
31.155554572 121.800498665
31.154347985 121.800966230
